0
1e-06
0
0
0
1e-06
1e-06
1e-06
1e-06
1e-06
1e-06
2e-06
1e-06
2e-06
2e-06
2e-06
1e-06
2e-06
2e-06
3e-06
3e-06
3e-06
2e-06
3e-06
3e-06
3e-06
4e-06
4e-06
4e-06
4e-06
4e-06
4e-06
5e-06
5e-06
4e-06
5e-06
5e-06
6e-06
5e-06
6e-06
6e-06
6e-06
7e-06
7e-06
7e-06
7e-06
7e-06
7e-06
7e-06
8e-06
9e-06
8e-06
9e-06
9e-06
9e-06
1e-05
1e-05
1e-05
1e-05
1e-05
1e-05
1.1e-05
1.1e-05
1.1e-05
1.2e-05
1.2e-05
1.3e-05
1.3e-05
1.3e-05
1.3e-05
1.4e-05
1.3e-05
1.4e-05
1.4e-05
1.5e-05
1.5e-05
1.5e-05
1.6e-05
1.6e-05
1.6e-05
1.6e-05
1.6e-05
1.8e-05
1.7e-05
1.8e-05
1.9e-05
1.8e-05
1.9e-05
1.9e-05
1.9e-05
2e-05
2e-05
2.1e-05
2.1e-05
2.1e-05
2.1e-05
2.2e-05
2.2e-05
2.3e-05
2.3e-05
2.4e-05
2.4e-05
2.4e-05
2.4e-05
2.5e-05
2.6e-05
2.5e-05
2.6e-05
2.6e-05
2.7e-05
2.7e-05
2.7e-05
2.8e-05
2.8e-05
2.8e-05
2.9e-05
2.9e-05
2.9e-05
3e-05
3.1e-05
3.1e-05
3.1e-05
3.1e-05
3.1e-05
3.2e-05
3.3e-05
3.3e-05
3.3e-05
3.3e-05
3.4e-05
3.5e-05
3.5e-05
3.6e-05
3.5e-05
3.7e-05
3.6e-05
3.6e-05
3.7e-05
3.8e-05
3.8e-05
3.8e-05
3.9e-05
4e-05
4e-05
4e-05
4.1e-05
4.1e-05
4.2e-05
4.2e-05
4.3e-05
4.3e-05
4.4e-05
4.4e-05
4.5e-05
4.6e-05
4.6e-05
4.7e-05
4.7e-05
4.7e-05
4.8e-05
4.9e-05
4.8e-05
4.9e-05
5e-05
5.1e-05
5.1e-05
5.1e-05
5.2e-05
5.2e-05
5.2e-05
5.4e-05
5.4e-05
5.4e-05
5.4e-05
5.6e-05
5.5e-05
5.6e-05
5.7e-05
5.8e-05
5.8e-05
5.8e-05
5.8e-05
5.9e-05
6e-05
6e-05
6.1e-05
6.2e-05
6.2e-05
6.3e-05
6.3e-05
6.3e-05
6.4e-05
6.5e-05
6.5e-05
6.5e-05
6.7e-05
6.8e-05
6.9e-05
6.8e-05
6.9e-05
6.9e-05
6.9e-05
7.1e-05
7e-05
7.2e-05
7.2e-05
7.3e-05
7.4e-05
7.3e-05
7.4e-05
8.2e-05
7.6e-05
7.6e-05
7.7e-05
7.7e-05
7.7e-05
7.9e-05
7.9e-05
8.1e-05
8.1e-05
8e-05
8.1e-05
8.1e-05
8.3e-05
8.4e-05
8.4e-05
8.4e-05
8.6e-05
8.6e-05
8.8e-05
8.8e-05
8.8e-05
8.8e-05
8.9e-05
9e-05
9e-05
9.2e-05
9.2e-05
0.000138
9.5e-05
9.6e-05
9.5e-05
9.7e-05
9.7e-05
9.7e-05
9.8e-05
0.0001
9.8e-05
0.0001
0.000101
0.0001
0.000102
0.000102
0.000103
0.000105
0.000104
0.000105
0.000107
0.000106
0.00011
0.000107
0.000109
0.00011
0.00011
0.00011
0.000111
0.000112
0.000117
0.000112
0.000113
0.000115
0.000114
0.000115
0.000119
0.000117
0.000118
0.000119
0.000117
0.000118
0.00012
0.000119
0.000122
0.000124
0.000122
0.000122
0.000124
0.000125
0.000123
0.000125
0.000128
0.000132
0.000127
0.000127
0.00013
0.000136
0.00013
0.000131
0.00013
0.00013
0.000132
0.000135
0.000134
0.000134
0.000137
0.000136
0.000136
0.000137
0.000138
0.000139
0.000141
0.000143
0.000143
0.000142
0.000144
0.000147
0.000146
0.000145
0.000145
0.000146
0.000147
0.000147
0.000148
0.000149
0.000149
0.000152
0.00015
0.000152
0.000153
0.000156
0.000159
0.000156
0.000155
0.000154
0.000155
0.000158
0.000158
0.000158
0.000158
0.000162
0.00016
0.000161
0.000163
0.000164
0.000165
0.000166
0.000165
0.000165
0.000173
0.000171
0.000172
0.000169
0.000172
0.000175
0.000171
0.000173
0.000172
0.000177
0.000174
0.000178
0.000175
0.000176
0.000178
0.000183
0.000182
0.000184
0.000182
0.000183
0.000183
0.000182
0.000183
0.000189
0.000187
0.000187
0.00019
0.000191
0.000192
0.000192
0.000199
0.00019
0.000189
0.000189
0.000188
0.000191
0.000196
0.0002
0.000193
0.000195
0.000196
0.000199
0.0002
0.000217
0.000214
0.000197
0.000207
0.0002
0.000206
0.00022
0.000217
0.000205
0.000208
0.000204
0.000209
0.000213
0.00021
0.00021
0.000264
0.000261
0.000212
0.000215
0.00022
0.000239
0.000225
0.000265
0.000224
0.000228
0.000227
0.000231
0.000233
0.000261
0.000231
0.00023
0.000233
0.000235
0.00023
0.000234
0.000234
0.000233
0.00023
0.000235
0.00024
0.000236
0.000254
0.000246
0.000233
0.000269
0.000236
0.000266
0.000316
0.00024
0.000238
0.000244
0.00024
0.000241
0.000329
0.000331
0.000247
0.000299
0.000298
0.000245
0.000304
0.000267
0.000257
0.000253
0.000253
0.000261
0.000316
0.000262
0.000264
0.000273
0.000269
0.000269
0.000269
0.000272
0.00027
0.000274
0.000357
0.000278
0.000276
0.000282
0.000279
0.000276
0.000285
0.000292
0.000292
0.000284
0.000282
0.000282
0.00029
0.000292
0.000286
0.000305
0.000289
0.000304
0.000363
0.000292
0.000337
0.000294
0.000295
0.000291
0.000303
0.0003
0.000302
0.000298
0.000299
0.000298
0.000299
0.000303
0.000311
0.000301
0.000306
0.000305
0.000313
0.000307
0.000315
0.00032
0.000313
0.000329
0.000313
0.000319
0.000319
0.000324
0.000326
0.000313
0.000318
0.000332
0.000319
0.000332
0.00033
0.000331
0.000328
0.000324
0.000336
0.000341
0.000334
0.000329
0.000336
0.000332
0.000338
0.000339
0.000344
0.000337
0.000346
0.000339
0.000348
0.000347
0.000347
0.000342
0.000343
0.000355
0.000361
0.000348
0.000357
0.000366
0.000362
0.000361
0.000353
0.000361
0.000353
0.000377
0.000357
0.000365
0.000361
0.000374
0.000372
0.000369
0.000375
0.00037
0.000379
0.000373
0.000375
0.000376
0.00037
0.000386
0.000388
0.000387
0.00038
0.000388
0.000393
0.000444
0.000388
0.000394
0.000387
0.000458
0.000374
0.000374
0.000385
0.000382
0.000483
0.000385
0.000399
0.000389
0.000386
0.000387
0.00039
0.000397
0.000396
0.000397
0.000398
0.000402
0.000405
0.000469
0.000406
0.000405
0.00046
0.00044
0.000426
0.000426
0.000429
0.000428
0.000424
0.000435
0.000429
0.000427
0.000428
0.000431
0.000437
0.000436
0.00044
0.000437
0.000435
0.000435
0.000449
0.000442
0.000449
0.000443
0.000457
0.000436
0.000444
0.000452
0.000444
0.000434
0.000439
0.000455
0.000445
0.000453
0.000518
0.000452
0.000441
0.000444
0.000466
0.000445
0.000457
0.000466
0.000493
0.000459
0.000457
0.000509
0.00046
0.000478
0.000482
0.000475
0.000462
0.00047
0.000502
0.000478
0.000475
0.000494
0.000499
0.000471
0.000474
0.000484
0.000483
0.000484
0.000482
0.000485
0.000484
0.000491
0.000527
0.000484
0.000493
0.000484
0.000513
0.000495
0.000507
0.000497
0.000495
0.000496
0.000525
0.000505
0.000539
0.00052
0.000514
0.000505
0.000512
0.000527
0.000512
0.000496
0.00059
0.000515
0.000512
0.000515
0.000514
0.000516
0.000505
0.000525
0.000511
0.000511
0.000592
0.00051
0.000534
0.000534
0.00052
0.000532
0.000532
0.000527
0.000517
0.000528
0.000618
0.000526
0.000534
0.000532
0.000534
0.000541
0.000536
0.000556
0.000537
0.000618
0.000554
0.000544
0.000545
0.000559
0.000548
0.000544
0.000633
0.000563
0.000682
0.00057
0.000569
0.000556
0.000558
0.000561
0.000567
0.000556
0.000578
0.000651
0.000563
0.000572
0.000562
0.000583
0.00057
0.000577
0.000582
0.000666
0.000618
0.000665
0.000607
0.00065
0.00062
0.000707
0.000821
0.0007
0.000606
0.000651
0.000842
0.00076
0.000962
0.000739
0.000642
0.000644
0.000655
0.000641
0.000649
0.000643
0.000642
0.00065
0.000651
0.000655
0.000657
0.000656
0.000665
0.000651
0.000667
0.000681
0.000674
0.000663
0.000661
0.000675
0.000671
0.00067
0.000683
0.000672
0.000684
0.000674
0.000676
0.000674
0.000685
0.000671
0.000686
0.000695
0.000688
0.000685
0.000688
0.000699
0.000713
0.000698
0.000712
0.000723
0.000705
0.000699
0.000704
0.000709
0.000707
0.00071
0.000729
0.000716
0.000722
0.000723
0.000724
0.000723
0.000728
0.000739
0.000758
0.000737
0.000733
0.000728
0.000727
0.000738
0.000732
0.000737
0.000743
0.000742
0.000746
0.000747
0.000765
0.000748
0.000757
0.000741
0.000746
0.000746
0.000752
0.000763
0.000756
0.000754
0.000783
0.000759
0.000771
0.000765
0.000785
0.000771
0.000763
0.000776
0.000763
0.000784
0.000788
0.000769
0.00078
0.000779
0.000805
0.000779
0.000784
0.000802
0.000793
0.000802
0.000809
0.000793
0.000795
0.000805
0.000813
0.000819
0.000815
0.000819
0.000801
0.000804
0.000821
0.00081
0.000831
0.000818
0.000836
0.000809
0.000816
0.000842
0.000841
0.000825
0.000833
0.000832
0.000832
0.000842
0.000851
0.000845
0.000841
0.000844
0.000846
0.000863
0.000874
0.000853
0.000945
0.000888
0.000873
0.000858
0.000868
0.000865
0.000874
0.000856
0.000887
0.000874
0.000876
0.0009
0.000881
0.000873
0.00088
0.000868
0.000886
0.000884
0.000889
0.000875
0.000895
0.000876
0.00089
0.000889
0.0009
0.000896
0.000904
0.000905
0.000896
0.000906
0.000899
0.000899
0.000913
0.00091
0.000923
0.00092
0.00091
0.00092
0.000911
0.000924
0.000937
0.000935
0.000943
0.000922
0.000937
0.000928
0.000933
0.000956
0.00095
0.000961
0.000968
0.000932
0.000957
0.000953
0.00097
0.000938
0.000949
0.000954
0.000966
0.000961
0.00101
0.00098
0.000964
0.000982
0.000962
0.000978
0.000975
0.000997
0.000981
0.000968
0.000983
0.000988
0.000989
0.000996
0.000984
0.000986
0.001004
0.000981
0.001004
0.001009
0.000995
0.001011
0.001024
0.00101
0.000996
0.001004
0.001034
0.000962
0.00095
0.001042
0.00097
0.00105
0.001011
0.000975
0.001066
0.001014
0.001034
0.000985
0.000991
0.000987
0.000997
0.001035
0.001164
0.001173
0.001054
0.001278
0.001331
0.001185
0.001063
0.001051
0.001059
0.001072
0.001072
0.001071
0.001091
0.001063
0.001082
0.00107
0.001069
0.001086
0.001069
0.001097
0.001065
0.001089
